1 15 1427106735
2 17 1427106735
3 18 1427106735
4 19 1427106735
5 20 1427106735
6 23 1427106735
7 24 1427106735
8 25 1427106735
1 15.1105 1427106765
2 17.0944 1427106765
3 18.1664 1427106765
4 18.8915 1427106765
5 19.8956 1427106765
6 23.1061 1427106765
7 23.9949 1427106765
8 25.2385 1427106765
1 15.0958 1427106795
2 17.0405 1427106795
3 18.0718 1427106795
4 18.8453 1427106795
5 19.7508 1427106795
6 22.9195 1427106795
7 24.2081 1427106795
8 25.4476 1427106795
1 14.9871 1427106825
2 16.943 1427106825
3 18.1774 1427106825
4 18.8028 1427106825
5 19.9867 1427106825
6 22.9343 1427106825
7 24.1414 1427106825
8 25.407 1427106825
1 15.1521 1427106855
2 17.1619 1427106855
3 18.0204 1427106855
4 18.8542 1427106855
5 19.8011 1427106855
6 23.1672 1427106855
7 23.9563 1427106855
8 25.5672 1427106855
1 15.2889 1427106885
2 17.2704 1427106885
3 17.9421 1427106885
4 19.0549 1427106885
5 19.9103 1427106885
6 23.0982 1427106885
7 23.7146 1427106885
8 25.4075 1427106885
1 15.4708 1427106915
2 17.2202 1427106915
3 18.1667 1427106915
4 19.1488 1427106915
5 19.7541 1427106915
6 23.2432 1427106915
7 23.9503 1427106915
8 25.4907 1427106915
1 15.4188 1427106945
2 17.3917 1427106945
3 18.2086 1427106945
4 18.9085 1427106945
5 19.8708 1427106945
6 23.3741 1427106945
7 23.7551 1427106945
8 25.7071 1427106945
1 15.2198 1427106975
2 17.1915 1427106975
3 17.979 1427106975
4 18.7724 1427106975
5 19.7636 1427106975
6 23.2788 1427106975
7 23.7893 1427106975
8 25.7204 1427106975
1 15.2644 1427107005
2 17.21 1427107005
3 18.1778 1427107005
4 18.7879 1427107005
5 19.7451 1427107005
6 23.4391 1427107005
7 23.7912 1427107005
8 25.5802 1427107005
1 15.4406 1427107035
2 17.3098 1427107035
3 18.4277 1427107035
4 18.8193 1427107035
5 19.9151 1427107035
6 23.5196 1427107035
7 23.8205 1427107035
8 25.356 1427107035
1 15.3088 1427107065
2 17.526 1427107065
3 18.4624 1427107065
4 18.8166 1427107065
5 20.052 1427107065
6 23.4759 1427107065
7 23.7238 1427107065
8 25.4966 1427107065
1 15.2785 1427107095
2 17.4557 1427107095
3 18.3449 1427107095
4 18.9298 1427107095
5 20.2289 1427107095
6 23.3035 1427107095
7 23.7204 1427107095
8 25.4411 1427107095
1 15.4408 1427107125
2 17.5427 1427107125
3 18.4973 1427107125
4 19.1623 1427107125
5 20.3589 1427107125
6 23.3517 1427107125
7 23.662 1427107125
8 25.3182 1427107125
1 15.3546 1427107155
2 17.4615 1427107155
3 18.5928 1427107155
4 19.3499 1427107155
5 20.5874 1427107155
6 23.1086 1427107155
7 23.4903 1427107155
8 25.3858 1427107155
1 15.4707 1427107185
2 17.3148 1427107185
3 18.4322 1427107185
4 19.2932 1427107185
5 20.4206 1427107185
6 23.3086 1427107185
7 23.285 1427107185
8 25.1988 1427107185
1 15.6867 1427107215
2 17.2231 1427107215
3 18.611 1427107215
4 19.1281 1427107215
5 20.1835 1427107215
6 23.5307 1427107215
7 23.1415 1427107215
8 25.362 1427107215
1 15.474 1427107245
2 17.235 1427107245
3 18.432 1427107245
4 19.258 1427107245
5 20.269 1427107245
6 23.5094 1427107245
7 23.0118 1427107245
8 25.1498 1427107245
1 15.3064 1427107275
2 17.481 1427107275
3 18.4358 1427107275
4 19.1571 1427107275
5 20.1427 1427107275
6 23.5839 1427107275
7 23.1718 1427107275
8 25.2604 1427107275
1 15.4445 1427107305
2 17.2511 1427107305
3 18.454 1427107305
4 19.349 1427107305
5 20.1481 1427107305
6 23.4468 1427107305
7 23.2185 1427107305
8 25.0475 1427107305
1 15.2038 1427107335
2 17.3548 1427107335
3 18.5526 1427107335
4 19.1415 1427107335
5 20.2696 1427107335
6 23.5041 1427107335
7 23.0212 1427107335
8 25.2376 1427107335
1 15.3553 1427107365
2 17.3544 1427107365
3 18.4689 1427107365
4 19.0175 1427107365
5 20.1157 1427107365
6 23.6301 1427107365
7 22.9489 1427107365
8 25.4288 1427107365
1 15.475 1427107395
2 17.1899 1427107395
3 18.4606 1427107395
4 19.2055 1427107395
5 19.9213 1427107395
6 23.7723 1427107395
7 23.0248 1427107395
8 25.5768 1427107395
1 15.5882 1427107425
2 16.976 1427107425
3 18.233 1427107425
4 19.1618 1427107425
5 19.8071 1427107425
6 23.6265 1427107425
7 23.0213 1427107425
8 25.7337 1427107425
1 15.5317 1427107455
2 16.9964 1427107455
3 18.1022 1427107455
4 19.2314 1427107455
5 19.8103 1427107455
6 23.8547 1427107455
7 22.963 1427107455
8 25.5222 1427107455
1 15.3033 1427107485
2 16.7763 1427107485
3 18.1151 1427107485
4 19.4109 1427107485
5 19.7841 1427107485
6 23.944 1427107485
7 23.142 1427107485
8 25.7235 1427107485
1 15.4711 1427107515
2 16.7319 1427107515
3 18.3254 1427107515
4 19.649 1427107515
5 19.5922 1427107515
6 23.6977 1427107515
7 23.142 1427107515
8 25.9437 1427107515
1 15.6874 1427107545
2 16.9127 1427107545
3 18.1277 1427107545
4 19.7843 1427107545
5 19.5667 1427107545
6 23.9008 1427107545
7 23.093 1427107545
8 26.1174 1427107545
1 15.6956 1427107575
2 16.9066 1427107575
3 18.3178 1427107575
4 19.7754 1427107575
5 19.3898 1427107575
6 23.7955 1427107575
7 23.0185 1427107575
8 26.1252 1427107575
1 15.6306 1427107605
2 16.7141 1427107605
3 18.2049 1427107605
4 19.609 1427107605
5 19.3709 1427107605
6 24.0404 1427107605
7 23.2669 1427107605
8 26.0572 1427107605
1 15.6051 1427107635
2 16.9557 1427107635
3 17.9737 1427107635
4 19.4337 1427107635
5 19.463 1427107635
6 24.1889 1427107635
7 23.2153 1427107635
8 26.1651 1427107635
1 15.744 1427107665
2 16.791 1427107665
3 17.9132 1427107665
4 19.3304 1427107665
5 19.2533 1427107665
6 24.3059 1427107665
7 23.2824 1427107665
8 26.3273 1427107665
1 15.6778 1427107695
2 16.553 1427107695
3 17.9197 1427107695
4 19.4561 1427107695
5 19.0268 1427107695
6 24.5325 1427107695
7 23.3562 1427107695
8 26.4157 1427107695
1 15.7468 1427107725
2 16.4587 1427107725
3 17.6785 1427107725
4 19.3578 1427107725
5 18.786 1427107725
6 24.6041 1427107725
7 23.1158 1427107725
8 26.3216 1427107725
1 15.99 1427107755
2 16.5074 1427107755
3 17.448 1427107755
4 19.3091 1427107755
5 18.7771 1427107755
6 24.4094 1427107755
7 22.982 1427107755
8 26.0824 1427107755
1 16.1101 1427107785
2 16.4452 1427107785
3 17.255 1427107785
4 19.3371 1427107785
5 18.5651 1427107785
6 24.5439 1427107785
7 23.1474 1427107785
8 26.0672 1427107785
1 16.2171 1427107815
2 16.6094 1427107815
3 17.3752 1427107815
4 19.4546 1427107815
5 18.4809 1427107815
6 24.3517 1427107815
7 23.3873 1427107815
8 26.0439 1427107815
1 16.4637 1427107845
2 16.7069 1427107845
3 17.5563 1427107845
4 19.2508 1427107845
5 18.2775 1427107845
6 24.5471 1427107845
7 23.221 1427107845
8 26.1811 1427107845
1 16.3922 1427107875
2 16.7659 1427107875
3 17.3625 1427107875
4 19.1906 1427107875
5 18.0387 1427107875
6 24.5655 1427107875
7 23.056 1427107875
8 26.1442 1427107875
1 16.6301 1427107905
2 16.7699 1427107905
3 17.1162 1427107905
4 18.9958 1427107905
5 18.2302 1427107905
6 24.6905 1427107905
7 23.28 1427107905
8 25.9495 1427107905
1 16.6907 1427107935
2 16.9863 1427107935
3 17.0045 1427107935
4 19.0947 1427107935
5 18.2306 1427107935
6 24.639 1427107935
7 23.4504 1427107935
8 26.1528 1427107935
1 16.7662 1427107965
2 16.864 1427107965
3 16.8363 1427107965
4 19.0944 1427107965
5 18.1699 1427107965
6 24.5441 1427107965
7 23.3434 1427107965
8 26.2911 1427107965
1 16.7462 1427107995
2 16.752 1427107995
3 17.0124 1427107995
4 19.321 1427107995
5 18.4034 1427107995
6 24.5526 1427107995
7 23.2421 1427107995
8 26.2759 1427107995
1 16.9563 1427108025
2 16.7143 1427108025
3 16.8272 1427108025
4 19.4502 1427108025
5 18.3967 1427108025
6 24.4359 1427108025
7 23.047 1427108025
8 26.1769 1427108025
1 16.9898 1427108055
2 16.5285 1427108055
3 16.5869 1427108055
4 19.3821 1427108055
5 18.1619 1427108055
6 24.5912 1427108055
7 23.1574 1427108055
8 26.0478 1427108055
1 17.2122 1427108085
2 16.7015 1427108085
3 16.5415 1427108085
4 19.5606 1427108085
5 18.1034 1427108085
6 24.48 1427108085
7 23.1791 1427108085
8 26.1482 1427108085
1 17.2459 1427108115
2 16.6473 1427108115
3 16.596 1427108115
4 19.6742 1427108115
5 18.1745 1427108115
6 24.2955 1427108115
7 22.9375 1427108115
8 26.1181 1427108115
1 17.2002 1427108145
2 16.7003 1427108145
3 16.5422 1427108145
4 19.854 1427108145
5 18.044 1427108145
6 24.3657 1427108145
7 23.0992 1427108145
8 25.8918 1427108145
1 17.3045 1427108175
2 16.5121 1427108175
3 16.4425 1427108175
4 19.8848 1427108175
5 18.0066 1427108175
6 24.3756 1427108175
7 23.0006 1427108175
8 25.8964 1427108175
1 17.1274 1427108205
2 16.7547 1427108205
3 16.644 1427108205
4 19.8242 1427108205
5 18.0649 1427108205
6 24.3171 1427108205
7 23.1336 1427108205
8 25.8937 1427108205
